>> STATUS: Started Computing Optimal Offloading . . .
Set parameter Username
Academic license - for non-commercial use only - expires 2022-06-21
	* Time Taken:  2.8803186416625977
>> STATUS: . . . Completed Computing Optimal Offloading!


[5, 7, 6, 5, 7, 7, 7, 6, 4, 6, 6, 6, 5, 6, 6, 6, 6, 6, 6, 6, 5, 6, 6, 4, 6, 5, 4, 6, 6, 6, 6, 6, 6, 5, 6, 6, 6, 6, 6, 6, 5, 6, 6, 6, 5, 6, 6, 4, 5, 5, 6, 6, 4, 6, 5, 4, 6, 6, 5, 6, 4, 4, 3, 5, 5, 5, 5, 5, 6, 4, 5, 5, 4, 5, 4, 5, 5, 3, 3, 2, 6, 2, 5, 4, 5, 3, 3, 5, 5, 4, 5, 3, 4, 4, 5, 4, 5, 3, 4, 5, 4, 4, 5, 4, 2, 5, 5, 1, 1, 4, 4, 5, 3, 1, 2, 5, 4, 3, 1, 3, 3, 2, 4, 1, 1, 1, 4, 1, 3, 3, 3, 2, 3, 2, 1, 2, 1, 2, 1, 1, 1, 1, 1, 1, 1, 1, 1, 1, 1, 1]
> Stats
	>> Labels:  ['Oracle', 'Optimal', 'Random', 'Cloud(b7)', 'Robot(b0)']
	>> Rewards:  -4151293908191509.5 -1.839953333666178e+16 -5.225212610571931e+16 -2.815228304925487e+16 -3.9624065535991885e+17
	>> Per Cost:  0 6.28e+16 6.64e+16 1.2e+17 1.5e+16
	>> Control Cost:  5189117385239523.0 7299416670309262.0 4.87151576326521e+16 5190353811568372.0 4.915508191979576e+17

